# oST version 5.0 parameters

[image]

width
640

height
480

[camera]

camera matrix
288.129801432 0 338.12075174
0 383.887830946 223.160753932
0.000000 0.000000 1.000000

distortion
0.0 0.0 0.0 0.0 0

rectification
1.000000 0.000000 0.000000
0.000000 1.000000 0.000000
0.000000 0.000000 1.000000

projection
288.129801432 0 338.12075174 0
0 383.887830946 223.160753932 0
0.000000 0.000000 1.000000 0
