# oST version 5.0 parameters

[image]

width
1920

height
1080

[camera]

camera matrix
864.389404296875 0 1014.362255219487
0 863.7476196289062 502.1116963476052
0.000000 0.000000 1.000000

distortion
0.0 0.0 0.0 0.0 0

rectification
1.000000 0.000000 0.000000
0.000000 1.000000 0.000000
0.000000 0.000000 1.000000

projection
864.389404296875 0 1014.362255219487 0
0 863.7476196289062 502.1116963476052 0
0 0 1 0
